<?xml version="1.0" encoding="UTF-8" standalone="no"?>
<!DOCTYPE svg PUBLIC "-//W3C//DTD SVG 20010904//EN"
              "http://www.w3.org/TR/2001/REC-SVG-20010904/DTD/svg10.dtd">

<svg xmlns="http://www.w3.org/2000/svg"
     width="5.76389in" height="7.58333in"
     viewBox="0 0 415 546">
  <path id="logo-top"
        fill="none" stroke="black" stroke-width="1"
        d="M 0.00,2.00
           C 0.00,2.00 0.00,229.96 0.00,229.96
             0.00,229.96 12.00,229.96 12.00,229.96
             12.00,229.96 24.00,228.96 24.00,228.96
             24.00,228.96 37.00,228.96 37.00,228.96
             37.00,228.96 49.00,228.00 49.00,228.00
             49.00,228.00 70.00,228.00 70.00,228.00
             70.00,228.00 82.00,228.96 82.00,228.96
             82.00,228.96 97.00,228.96 97.00,228.96
             97.00,228.96 108.00,229.96 108.00,229.96
             140.01,231.36 180.75,236.69 212.00,243.88
             235.29,249.24 258.58,255.04 281.00,263.42
             281.00,263.42 299.99,270.81 299.99,270.81
             303.57,272.34 305.97,274.48 310.01,273.17
             316.05,271.22 334.80,260.97 341.00,257.42
             375.71,237.55 414.50,204.45 415.00,161.00
             415.10,152.20 413.64,143.39 410.97,135.00
             408.43,127.01 402.79,116.87 397.96,110.00
             386.23,93.30 366.33,77.21 349.00,66.42
             298.21,34.81 229.03,16.09 170.00,7.87
             170.00,7.87 112.00,1.91 112.00,1.91
             112.00,1.91 102.00,0.96 102.00,0.96
             102.00,0.96 90.00,0.96 90.00,0.96
             90.00,0.96 78.00,0.00 78.00,0.00
             78.00,0.00 41.00,0.00 41.00,0.00
             41.00,0.00 25.00,1.00 25.00,1.00
             25.00,1.00 0.00,2.00 0.00,2.00 Z" />
</svg>
