<?xml version="1.0" encoding="UTF-8" standalone="no"?>
<!DOCTYPE svg PUBLIC "-//W3C//DTD SVG 20010904//EN"
              "http://www.w3.org/TR/2001/REC-SVG-20010904/DTD/svg10.dtd">

<svg xmlns="http://www.w3.org/2000/svg"
     width="26.6667in" height="7.91667in"
     viewBox="0 0 1920 570">
  <path id="MatCapAss"
        fill="none" stroke="black" stroke-width="1"
        d="M 0.00,0.00
           C 0.00,0.00 0.00,570.00 0.00,570.00
             0.00,570.00 151.00,570.00 151.00,570.00
             151.00,570.00 151.00,16.00 151.00,16.00
             151.00,16.00 1920.00,16.00 1920.00,16.00
             1920.00,16.00 1920.00,0.00 1920.00,0.00
             1920.00,0.00 0.00,0.00 0.00,0.00 Z
           M 953.00,238.00
           C 953.00,238.00 953.00,267.00 953.00,267.00
             947.37,264.12 944.35,263.08 938.00,263.00
             930.10,262.91 924.76,262.97 918.00,267.79
             907.78,275.07 902.39,289.66 903.09,302.00
             904.11,319.90 910.06,337.00 931.00,337.00
             934.76,337.00 937.35,336.92 941.00,335.78
             945.70,334.31 949.14,331.95 953.00,329.00
             953.00,329.00 953.00,335.00 953.00,335.00
             953.00,335.00 966.00,335.00 966.00,335.00
             966.00,335.00 966.00,238.00 966.00,238.00
             966.00,238.00 953.00,238.00 953.00,238.00 Z
           M 1356.00,238.00
           C 1356.00,238.00 1356.00,335.00 1356.00,335.00
             1356.00,335.00 1371.09,334.16 1371.09,334.16
             1371.09,334.16 1379.00,336.48 1379.00,336.48
             1387.24,338.24 1397.07,337.17 1404.00,332.21
             1413.22,325.61 1417.87,314.11 1418.00,303.00
             1418.18,287.79 1417.15,269.99 1400.00,264.11
             1396.75,262.99 1394.36,263.00 1391.00,263.00
             1387.67,263.00 1385.27,263.04 1382.00,263.93
             1376.89,265.31 1373.14,267.83 1369.00,271.00
             1369.00,271.00 1369.00,238.00 1369.00,238.00
             1369.00,238.00 1356.00,238.00 1356.00,238.00 Z
           M 1471.00,238.00
           C 1471.00,238.00 1471.00,335.00 1471.00,335.00
             1471.00,335.00 1484.00,335.00 1484.00,335.00
             1484.00,335.00 1484.00,238.00 1484.00,238.00
             1484.00,238.00 1471.00,238.00 1471.00,238.00 Z
           M 1107.00,314.00
           C 1101.54,315.48 1097.19,319.35 1092.00,321.69
             1081.92,326.24 1067.61,327.22 1058.00,321.03
             1035.50,306.55 1037.49,260.74 1065.00,252.79
             1073.07,250.45 1084.43,251.81 1092.00,255.32
             1097.79,258.01 1100.67,261.45 1107.00,263.00
             1107.00,259.77 1107.54,250.82 1105.98,248.39
             1104.52,246.13 1100.46,244.75 1098.00,243.81
             1088.13,240.06 1082.24,239.98 1072.00,240.00
             1046.55,240.04 1029.30,258.87 1029.00,284.00
             1028.78,303.13 1031.93,322.77 1051.00,332.39
             1063.20,338.55 1080.09,338.27 1093.00,334.57
             1096.50,333.57 1104.84,331.02 1106.43,327.61
             1107.08,326.20 1106.99,323.57 1107.00,322.00
             1107.00,322.00 1107.00,314.00 1107.00,314.00 Z
           M 175.00,242.00
           C 175.00,242.00 175.00,335.00 175.00,335.00
             175.00,335.00 187.00,335.00 187.00,335.00
             187.00,335.00 187.00,257.00 187.00,257.00
             187.00,257.00 206.26,297.00 206.26,297.00
             208.80,302.25 210.71,309.93 217.90,308.86
             222.44,308.19 224.96,300.78 226.69,297.00
             226.69,297.00 245.00,257.00 245.00,257.00
             245.00,257.00 246.00,284.00 246.00,284.00
             246.00,284.00 246.00,335.00 246.00,335.00
             246.00,335.00 259.00,335.00 259.00,335.00
             259.00,335.00 259.00,242.00 259.00,242.00
             259.00,242.00 240.00,242.00 240.00,242.00
             240.00,242.00 228.26,268.00 228.26,268.00
             228.26,268.00 217.00,292.00 217.00,292.00
             217.00,292.00 198.75,254.00 198.75,254.00
             193.92,244.31 194.87,242.15 187.00,242.00
             187.00,242.00 175.00,242.00 175.00,242.00 Z
           M 545.00,242.00
           C 545.00,242.00 545.00,254.00 545.00,254.00
             545.00,254.00 559.00,254.00 559.00,254.00
             559.00,254.00 559.00,242.00 559.00,242.00
             559.00,242.00 545.00,242.00 545.00,242.00 Z
           M 1436.00,242.00
           C 1436.00,242.00 1436.00,254.00 1436.00,254.00
             1436.00,254.00 1450.00,254.00 1450.00,254.00
             1450.00,254.00 1450.00,242.00 1450.00,242.00
             1450.00,242.00 1436.00,242.00 1436.00,242.00 Z
           M 1506.00,242.00
           C 1506.00,242.00 1506.00,254.00 1506.00,254.00
             1506.00,254.00 1520.00,254.00 1520.00,254.00
             1520.00,254.00 1520.00,242.00 1520.00,242.00
             1520.00,242.00 1506.00,242.00 1506.00,242.00 Z
           M 1701.00,335.00
           C 1704.29,335.00 1712.69,335.86 1714.92,333.43
             1717.93,330.13 1720.51,312.97 1725.27,310.02
             1726.93,308.99 1729.12,309.04 1731.00,309.00
             1731.00,309.00 1754.00,309.00 1754.00,309.00
             1756.28,309.00 1759.76,308.79 1761.73,310.02
             1765.93,312.66 1769.18,330.25 1772.08,333.43
             1774.31,335.86 1782.71,335.00 1786.00,335.00
             1786.00,335.00 1753.00,242.00 1753.00,242.00
             1753.00,242.00 1743.00,242.00 1743.00,242.00
             1743.00,242.00 1735.65,242.99 1735.65,242.99
             1735.65,242.99 1726.81,264.00 1726.81,264.00
             1726.81,264.00 1701.00,335.00 1701.00,335.00 Z
           M 359.00,245.00
           C 359.00,245.00 359.00,265.00 359.00,265.00
             359.00,265.00 351.00,265.00 351.00,265.00
             351.00,265.00 351.00,275.00 351.00,275.00
             351.00,275.00 359.00,275.00 359.00,275.00
             359.00,275.00 359.58,317.00 359.58,317.00
             360.66,324.50 361.65,330.53 369.00,334.59
             376.66,338.80 387.67,336.67 396.00,336.00
             396.00,336.00 396.00,324.93 396.00,324.93
             390.24,325.47 383.33,327.89 378.04,324.93
             372.81,321.86 372.07,316.46 372.00,311.00
             372.00,311.00 372.00,275.00 372.00,275.00
             372.00,275.00 396.00,275.00 396.00,275.00
             396.00,275.00 396.00,265.00 396.00,265.00
             396.00,265.00 372.00,265.00 372.00,265.00
             372.00,265.00 372.00,245.00 372.00,245.00
             372.00,245.00 359.00,245.00 359.00,245.00 Z
           M 580.00,245.00
           C 580.00,245.00 580.00,265.00 580.00,265.00
             580.00,265.00 572.00,265.00 572.00,265.00
             572.00,265.00 572.00,275.00 572.00,275.00
             572.00,275.00 580.00,275.00 580.00,275.00
             580.00,275.00 580.58,317.00 580.58,317.00
             581.66,324.50 582.65,330.53 590.00,334.59
             597.66,338.80 608.67,336.67 617.00,336.00
             617.00,336.00 617.00,324.93 617.00,324.93
             611.24,325.47 604.33,327.89 599.04,324.93
             593.81,321.86 593.07,316.46 593.00,311.00
             593.00,311.00 593.00,275.00 593.00,275.00
             593.00,275.00 617.00,275.00 617.00,275.00
             617.00,275.00 617.00,265.00 617.00,265.00
             617.00,265.00 593.00,265.00 593.00,265.00
             593.00,265.00 593.00,245.00 593.00,245.00
             593.00,245.00 580.00,245.00 580.00,245.00 Z
           M 1541.00,245.00
           C 1541.00,245.00 1541.00,265.00 1541.00,265.00
             1541.00,265.00 1533.00,265.00 1533.00,265.00
             1533.00,265.00 1533.00,275.00 1533.00,275.00
             1533.00,275.00 1541.00,275.00 1541.00,275.00
             1541.00,275.00 1541.58,317.00 1541.58,317.00
             1542.66,324.50 1543.65,330.53 1551.00,334.59
             1558.66,338.80 1569.67,336.67 1578.00,336.00
             1578.00,336.00 1578.00,324.93 1578.00,324.93
             1572.24,325.47 1565.33,327.89 1560.04,324.93
             1554.81,321.86 1554.07,316.46 1554.00,311.00
             1554.00,311.00 1554.00,275.00 1554.00,275.00
             1554.00,275.00 1578.00,275.00 1578.00,275.00
             1578.00,275.00 1578.00,265.00 1578.00,265.00
             1578.00,265.00 1554.00,265.00 1554.00,265.00
             1554.00,265.00 1554.00,245.00 1554.00,245.00
             1554.00,245.00 1541.00,245.00 1541.00,245.00 Z
           M 283.00,278.00
           C 289.24,277.44 291.36,275.89 297.00,274.67
             306.01,272.71 318.74,272.31 323.43,282.00
             324.57,284.37 324.77,286.45 325.00,289.00
             313.00,289.00 292.28,289.69 283.33,298.47
             272.21,309.36 276.24,330.45 291.00,335.87
             293.84,336.91 296.04,336.96 299.00,337.00
             312.56,337.16 313.60,335.38 325.00,329.00
             325.00,329.00 325.00,335.00 325.00,335.00
             325.00,335.00 337.00,335.00 337.00,335.00
             337.00,335.00 337.00,287.00 337.00,287.00
             336.97,280.78 335.94,275.01 331.61,270.18
             324.20,261.91 306.32,262.02 296.00,263.29
             288.71,264.18 283.14,263.65 283.00,272.00
             283.00,272.00 283.00,278.00 283.00,278.00 Z
           M 751.00,278.00
           C 757.24,277.44 759.36,275.89 765.00,274.67
             774.01,272.71 786.74,272.31 791.43,282.00
             792.57,284.37 792.77,286.45 793.00,289.00
             781.00,289.00 760.28,289.69 751.33,298.47
             740.21,309.36 744.24,330.45 759.00,335.87
             761.84,336.91 764.04,336.96 767.00,337.00
             780.56,337.16 781.60,335.38 793.00,329.00
             793.00,329.00 793.00,335.00 793.00,335.00
             793.00,335.00 805.00,335.00 805.00,335.00
             805.00,335.00 805.00,287.00 805.00,287.00
             804.97,280.78 803.94,275.01 799.61,270.18
             792.20,261.91 774.32,262.02 764.00,263.29
             756.71,264.18 751.14,263.65 751.00,272.00
             751.00,272.00 751.00,278.00 751.00,278.00 Z
           M 840.00,271.00
           C 840.00,271.00 840.00,265.00 840.00,265.00
             840.00,265.00 827.00,265.00 827.00,265.00
             827.00,265.00 827.00,335.00 827.00,335.00
             827.00,335.00 840.00,335.00 840.00,335.00
             840.00,335.00 840.00,291.00 840.00,291.00
             840.00,288.57 839.80,285.33 841.02,283.18
             844.30,277.45 863.79,269.21 870.99,280.10
             873.23,283.49 873.95,291.87 874.00,296.00
             874.00,296.00 874.00,335.00 874.00,335.00
             874.00,335.00 886.00,335.00 886.00,335.00
             886.00,335.00 886.00,287.00 886.00,287.00
             885.77,268.06 871.78,259.12 854.00,263.93
             848.91,265.30 844.37,268.15 840.00,271.00 Z
           M 1123.00,278.00
           C 1129.24,277.44 1131.36,275.89 1137.00,274.67
             1146.01,272.71 1158.74,272.31 1163.43,282.00
             1164.57,284.37 1164.77,286.45 1165.00,289.00
             1153.00,289.00 1132.28,289.69 1123.33,298.47
             1112.21,309.36 1116.24,330.45 1131.00,335.87
             1133.84,336.91 1136.04,336.96 1139.00,337.00
             1152.56,337.16 1153.60,335.38 1165.00,329.00
             1165.00,329.00 1165.00,335.00 1165.00,335.00
             1165.00,335.00 1177.00,335.00 1177.00,335.00
             1177.00,335.00 1177.00,287.00 1177.00,287.00
             1176.97,280.78 1175.94,275.01 1171.61,270.18
             1164.20,261.91 1146.32,262.02 1136.00,263.29
             1128.71,264.18 1123.14,263.65 1123.00,272.00
             1123.00,272.00 1123.00,278.00 1123.00,278.00 Z
           M 1212.00,271.00
           C 1212.00,271.00 1212.00,265.00 1212.00,265.00
             1212.00,265.00 1199.00,265.00 1199.00,265.00
             1199.00,265.00 1199.00,361.00 1199.00,361.00
             1199.00,361.00 1212.00,361.00 1212.00,361.00
             1212.00,361.00 1212.00,333.00 1212.00,333.00
             1217.63,335.88 1220.65,336.92 1227.00,337.00
             1236.18,337.11 1242.82,336.37 1249.96,329.82
             1264.48,316.48 1266.07,278.54 1248.99,266.85
             1244.26,263.62 1239.55,263.00 1234.00,263.00
             1229.84,263.00 1228.02,263.05 1224.00,264.36
             1218.88,266.03 1216.23,267.77 1212.00,271.00 Z
           M 1280.00,278.00
           C 1286.24,277.44 1288.36,275.89 1294.00,274.67
             1303.01,272.71 1315.74,272.31 1320.43,282.00
             1321.57,284.37 1321.77,286.45 1322.00,289.00
             1310.00,289.00 1289.28,289.69 1280.33,298.47
             1269.21,309.36 1273.24,330.45 1288.00,335.87
             1290.84,336.91 1293.04,336.96 1296.00,337.00
             1309.56,337.16 1310.60,335.38 1322.00,329.00
             1322.00,329.00 1322.00,335.00 1322.00,335.00
             1322.00,335.00 1334.00,335.00 1334.00,335.00
             1334.00,335.00 1334.00,287.00 1334.00,287.00
             1333.97,280.78 1332.94,275.01 1328.61,270.18
             1321.20,261.91 1303.32,262.02 1293.00,263.29
             1285.71,264.18 1280.14,263.65 1280.00,272.00
             1280.00,272.00 1280.00,278.00 1280.00,278.00 Z
           M 1794.00,318.00
           C 1794.00,321.45 1793.28,328.79 1795.60,331.35
             1797.83,333.82 1804.72,335.54 1808.00,336.19
             1820.52,338.68 1840.54,337.78 1847.33,325.00
             1848.70,322.42 1849.73,318.92 1849.89,316.00
             1850.02,313.72 1849.70,311.20 1849.06,309.00
             1843.98,291.44 1818.26,296.65 1810.43,288.47
             1804.73,282.52 1810.73,276.00 1817.00,274.36
             1829.18,271.17 1837.08,278.17 1847.00,281.00
             1847.00,281.00 1847.00,274.00 1847.00,274.00
             1846.96,272.19 1847.02,269.98 1845.98,268.42
             1842.71,263.50 1827.51,262.99 1822.00,263.00
             1807.55,263.02 1794.32,269.65 1795.04,286.00
             1795.76,302.45 1811.57,303.70 1824.00,306.65
             1829.44,307.95 1838.10,310.63 1836.53,318.00
             1834.34,328.20 1818.40,326.85 1811.00,324.84
             1811.00,324.84 1794.00,318.00 1794.00,318.00 Z
           M 1861.00,318.00
           C 1861.00,321.45 1860.28,328.79 1862.60,331.35
             1864.83,333.82 1871.72,335.54 1875.00,336.19
             1887.52,338.68 1907.54,337.78 1914.33,325.00
             1915.70,322.42 1916.73,318.92 1916.89,316.00
             1917.02,313.72 1916.70,311.20 1916.06,309.00
             1910.98,291.44 1885.26,296.65 1877.43,288.47
             1871.73,282.52 1877.73,276.00 1884.00,274.36
             1896.18,271.17 1904.08,278.17 1914.00,281.00
             1914.00,281.00 1914.00,274.00 1914.00,274.00
             1913.96,272.19 1914.02,269.98 1912.98,268.42
             1909.71,263.50 1894.51,262.99 1889.00,263.00
             1874.55,263.02 1861.32,269.65 1862.04,286.00
             1862.76,302.45 1878.57,303.70 1891.00,306.65
             1896.44,307.95 1905.10,310.63 1903.53,318.00
             1901.34,328.20 1885.40,326.85 1878.00,324.84
             1878.00,324.84 1861.00,318.00 1861.00,318.00 Z
           M 409.00,265.00
           C 409.00,265.00 409.00,302.00 409.00,302.00
             409.00,315.29 407.73,331.51 424.00,336.21
             427.19,337.14 430.70,337.03 434.00,337.00
             443.23,336.89 447.41,333.63 455.00,329.00
             455.00,329.00 455.00,335.00 455.00,335.00
             455.00,335.00 468.00,335.00 468.00,335.00
             468.00,335.00 468.00,265.00 468.00,265.00
             468.00,265.00 455.00,265.00 455.00,265.00
             455.00,265.00 455.00,309.00 455.00,309.00
             455.00,311.43 455.20,314.67 453.98,316.82
             451.16,321.74 431.91,331.53 424.15,319.91
             421.65,316.17 421.06,309.44 421.00,305.00
             421.00,305.00 421.00,265.00 421.00,265.00
             421.00,265.00 409.00,265.00 409.00,265.00 Z
           M 490.00,265.00
           C 490.00,265.00 490.00,335.00 490.00,335.00
             490.00,335.00 503.00,335.00 503.00,335.00
             503.00,335.00 503.00,292.00 503.00,292.00
             503.04,290.02 503.00,287.97 504.02,286.18
             506.76,281.40 517.63,277.65 523.00,277.46
             523.00,277.46 535.00,278.00 535.00,278.00
             535.00,275.46 535.44,268.45 533.98,266.60
             532.64,264.90 529.95,265.04 528.00,265.00
             516.55,264.80 512.02,267.03 503.00,274.00
             503.00,274.00 503.00,265.00 503.00,265.00
             503.00,265.00 490.00,265.00 490.00,265.00 Z
           M 545.00,265.00
           C 545.00,265.00 545.00,335.00 545.00,335.00
             545.00,335.00 558.00,335.00 558.00,335.00
             558.00,335.00 558.00,265.00 558.00,265.00
             558.00,265.00 545.00,265.00 545.00,265.00 Z
           M 622.00,265.00
           C 623.08,270.97 625.94,276.40 628.20,282.00
             628.20,282.00 641.99,315.00 641.99,315.00
             641.99,315.00 647.89,330.00 647.89,330.00
             648.51,333.80 646.30,337.64 644.77,341.00
             644.77,341.00 636.00,361.00 636.00,361.00
             636.00,361.00 642.00,361.00 642.00,361.00
             642.00,361.00 649.35,360.01 649.35,360.01
             649.35,360.01 652.85,354.00 652.85,354.00
             652.85,354.00 659.20,339.00 659.20,339.00
             659.20,339.00 680.00,290.00 680.00,290.00
             680.00,290.00 690.00,265.00 690.00,265.00
             690.00,265.00 677.64,265.99 677.64,265.99
             677.64,265.99 671.15,279.00 671.15,279.00
             671.15,279.00 657.00,314.00 657.00,314.00
             657.00,314.00 655.00,314.00 655.00,314.00
             655.00,314.00 640.20,277.00 640.20,277.00
             637.37,270.01 637.28,265.16 629.00,265.00
             629.00,265.00 622.00,265.00 622.00,265.00 Z
           M 1436.00,265.00
           C 1436.00,265.00 1436.00,335.00 1436.00,335.00
             1436.00,335.00 1449.00,335.00 1449.00,335.00
             1449.00,335.00 1449.00,265.00 1449.00,265.00
             1449.00,265.00 1436.00,265.00 1436.00,265.00 Z
           M 1506.00,265.00
           C 1506.00,265.00 1506.00,335.00 1506.00,335.00
             1506.00,335.00 1519.00,335.00 1519.00,335.00
             1519.00,335.00 1519.00,265.00 1519.00,265.00
             1519.00,265.00 1506.00,265.00 1506.00,265.00 Z
           M 1583.00,265.00
           C 1584.08,270.97 1586.94,276.40 1589.20,282.00
             1589.20,282.00 1602.99,315.00 1602.99,315.00
             1602.99,315.00 1608.89,330.00 1608.89,330.00
             1609.51,333.80 1607.30,337.64 1605.77,341.00
             1605.77,341.00 1597.00,361.00 1597.00,361.00
             1597.00,361.00 1603.00,361.00 1603.00,361.00
             1603.00,361.00 1610.35,360.01 1610.35,360.01
             1610.35,360.01 1613.85,354.00 1613.85,354.00
             1613.85,354.00 1620.20,339.00 1620.20,339.00
             1620.20,339.00 1641.00,290.00 1641.00,290.00
             1641.00,290.00 1651.00,265.00 1651.00,265.00
             1651.00,265.00 1638.64,265.99 1638.64,265.99
             1638.64,265.99 1632.15,279.00 1632.15,279.00
             1632.15,279.00 1618.00,314.00 1618.00,314.00
             1618.00,314.00 1616.00,314.00 1616.00,314.00
             1616.00,314.00 1601.20,277.00 1601.20,277.00
             1598.37,270.01 1598.28,265.16 1590.00,265.00
             1590.00,265.00 1583.00,265.00 1583.00,265.00 Z
           M 871.00,-112.00" />
</svg>
